87,5
87,4
87,3
87,2
87,1
87,0
86,4
86,3
86,2
86,1
86,0
85,3
85,2
85,1
85,0
84,3
84,2
84,1
84,0
83,4
83,3
83,2
83,1
83,0
82,4
82,3
82,2
82,1
82,0
81,3
81,2
81,1
81,0
0,520
80,4
0,519
80,3
80,2
80,1
80,0
79,3
79,2
79,1
79,0
78,4
0,518
78,3
78,2
78,1
78,0
77,3
77,2
77,1
77,0
0,517
76,4
76,3
76,2
76,1
76,0
75,4
75,3
75,2
75,1
75,0
74,3
74,2
74,1
74,0
43,35
0,516
0,515
0,514
0,513
0,512
0,511
0,510
73,5
73,4
73,3
73,2
73,1
73,0
72,4
72,3
72,2
0,509
72,1
72,0
0,508
0,507
71,3
71,2
71,1
71,0
70,3
70,2
70,1
70,0
69,4
69,3
69,2
69,1
69,0
68,4
0,506
68,3
68,2
68,1
68,0
67,3
67,2
67,1
67,0
66,4
66,3
66,2
66,1
66,0
65,3
65,2
65,1
65,0
64,4
64,3
64,2
64,1
64,0
63,3
63,2
63,1
63,0
0,505
0,504
62,4
0,503
0,502
0,501
62,3
62,2
62,1
62,0
0,500
0,499
61,4
0,498
0,497
61,3
61,2
0,496
61,1
61,0
60,3
60,2
60,1
60,0
0,495
0,494
0,493
0,492
0,491
0,490
0,489
0,488
0,487
0,486
